1 3 4503.4 0
4 7 53.3 0
4 10 5.84e8 0
5 11 1.1e10 0
6 14 2.09e6 2 4 14 5 14
10 20 1.1e10 0
11 22 950.35 3 12 22 13 22 14 22
13 26 2.66e8 2 14 26 15 26
14 32 2.37e5 3 11 32 12 32 13 32
15 31 1.1e10 0
15 32 14.28 0
15 33 25.3 4 11 33 12 33 13 33 14 33
16 35 87.4 5 11 35 12 35 13 35 14 35 15 35
17 36 1.1e8 0
18 37 35. 2 19 37 20 37
18 39 9.82e4 5 13 39 14 39 15 39 16 39 17 39
18 42 1.2e4 3 15 42 16 42 17 42
19 42 0.52 0
19 43 0.93 4 15 43 16 43 17 43 18 43
20 40 1.1e10 0
20 41 3.65e7 2 21 41 22 41
20 45 165. 5 15 45 16 45 17 45 18 45 19 45
20 47 4.536 2 18 47 19 47
21 46 83.8 0
21 47 3.42 0
21 48 1.82 0
22 44 1.72e4 1 23 44
23 48 15.976 3 24 48 25 48 26 48
23 49 330. 3 24 49 25 49 26 49
23 51 1.1e10 0
24 48 0.989 2 25 48 26 48
24 51 27.70 4 25 51 26 51 27 51 28 51
25 52 5.59 3 26 52 27 52 28 52
25 53 1.38e9 3 26 53 27 53 28 53
25 54 312.0 0
26 55 986.2 3 27 55 28 55 29 55
26 59 44.6 3 23 59 24 59 25 59
26 60 5.47e8 3 23 60 24 60 25 60
27 56 78.8 0
27 57 271. 3 28 57 29 57 30 57
27 58 70.8 0
27 60 1925.2 0
28 56 6.1 2 29 56 30 56
28 57 1.5 2 29 57 30 57
28 59 2.92e7 2 29 59 30 59
28 63 36524. 3 25 63 26 63 27 63
28 66 2.28 2 26 66 27 66
29 63 1.1e10 0
29 67 2.58 3 26 67 27 67 28 67
30 65 244.1 3 31 65 32 65 33 65
30 72 1.938 2 28 72 29 72
31 67 3.263 2 32 67 33 67
31 69 1.1e10 0
31 72 0.59 0
32 68 270.8 1 33 68
32 69 1.625 3 33 69 34 69 35 69
32 71 11.2 4 33 71 34 71 35 71 36 71
33 72 1.083 0
33 73 80.3 3 34 73 35 73 36 73
33 74 17.8 0
33 76 1.096 0
33 77 1.62 4 29 77 30 77 31 77 32 77
34 72 8.4 2 35 72 36 72
34 75 118.5 3 35 75 36 75 37 75
34 79 2.38e7 5 29 79 30 79 31 79 32 79 33 79
34 80 1.1e10 0
35 76 0.67 2 36 76 37 76
35 77 2.375 3 36 77 37 77 38 77
35 82 1.47 0
36 79 1.46 3 37 79 38 79 39 79
36 81 7.66e7 4 37 81 38 81 39 81 40 81
36 85 3908.1 3 33 85 34 85 35 85
37 83 86.2 0
37 84 32.9 0
37 86 18.8 0
38 82 25. 2 39 82 40 82
38 83 1.35 3 39 83 40 83 41 83
38 85 64.8 3 39 85 40 85 41 85
38 89 50.5 4 34 89 35 89 36 89 37 89
38 90 1.06e4 3 35 90 36 90 37 90
39 86 0.61 0
39 87 3.35 3 40 87 41 87 42 87
39 88 106.6 0
39 89 1.1e10 0
39 90 2.67 0
39 91 58.5 5 34 91 35 91 36 91 37 91 38 91
40 86 0.688 0
40 88 83.4 3 41 88 42 88 43 88
40 89 3.27 3 41 89 42 89 43 89
40 92 1.1e10 0
40 93 5.48e8 5 35 93 36 93 37 93 38 93 39 93
40 95 64. 4 36 95 37 95 38 95 39 95
41 91 3.65e6 3 42 91 43 91 44 91
41 91 62. 0
41 93 4967 0
41 94 7.3e6 0
41 95 35.0 0
41 96 0.975 0
42 93 1.096e6 2 43 93 44 93
42 99 2.75 5 37 99 38 99 39 99 40 99 41 99
43 95 61. 0
43 96 4.3 0
43 97 90. 0
43 97 9.49e8 0
43 98 1.53e9 0
43 99 8.39e7 0
44 97 2.88 4 45 97 46 97 47 97 48 97
44 102 1.1e10 0
44 103 39.4 4 40 103 41 103 42 103 43 103
44 106 367. 3 41 106 42 106 43 106
45 99 15. 3 46 99 47 99 48 99
45 100 0.87 0
45 101 1205.3 4 46 101 47 101 48 101 49 101
45 102 206. 0
45 102 1059. 0
45 105 1.48 4 41 105 42 105 43 105 44 105
46 100 3.6 3 47 100 48 100 49 100
46 103 17. 5 47 103 48 103 49 103 50 103 52 107
46 107 2.38e9 5 41 107 42 107 43 107 44 107 45 107
46 112 0.88 2 44 112 45 112
47 105 41.3 3 48 105 49 105 50 105
47 106 8.5 0
47 108 4.64e4 0
47 109 1.1e10 0
47 110 252. 0
47 111 7.45 4 43 111 44 111 45 111 46 111
48 109 453. 4 49 109 50 109 51 109 52 109
48 113 5113. 0
48 115 44.8 0
49 111 2.83 4 50 141 51 141 52 141 53 141
49 114 49.5 0
50 113 115. 4 51 113 52 113 53 113 54 113
50 119 250. 0
50 120 1.1e10 0
50 121 2.01e4 0
50 123 129. 3 47 123 48 123 49 123
50 126 3.65e7 2 48 126 49 126
51 119 1.58 0
51 120 5.76 0
51 122 2.68 0
51 124 60.2 0
51 125 986. 0
51 127 3.9 3 48 127 49 127 50 127
52 118 6. 3 53 118 54 118 55 118
52 119 4.68 4 53 119 54 119 55 119 56 119
52 121 154. 4 53 121 54 121 55 121 56 121
52 123 119.7 0
52 125 58. 0
52 127 109. 0
52 129 33.5 4 48 129 49 129 50 129 51 129
52 131 1.25 3 49 131 50 131 51 131
52 132 3.25 3 49 132 50 132 51 132
53 124 4.2 0
53 125 60.2 5 54 125 55 125 56 125 57 125 58 125
53 126 13. 0
53 131 8.04 0
53 133 0.87 0
54 122 0.84 0
54 125 0.71 0
54 127 36.4 6 55 127 56 127 57 127 58 127 59 127 60 127
54 129 8.89 0
54 131 11.77 0
54 133 5.25 5 49 133 50 133 51 133 52 133 53 133
55 131 9.69 0
55 132 6.47 0
55 133 1.1e10 0
55 134 752. 0
55 135 8.4e8 4 51 135 52 135 53 135 54 135
55 136 13.16 0
55 137 1.1e4 3 52 137 53 137 54 137
56 128 2.43 4 57 128 58 128 59 128 60 128
56 131 11.5 4 57 131 58 131 59 131 60 131
56 133 3906. 6 57 133 58 133 59 133 60 133 61 133 62 133
56 140 12.8 3 53 140 54 140 55 140
57 137 2.19e7 7 58 137 59 137 60 137 61 137 62 137 63 137 64 137
57 140 1.67 0
58 134 3.16 4 59 134 60 134 61 134 62 134
58 139 137.6 6 59 139 60 139 61 139 62 139 63 139 64 139
58 141 32.5 5 53 141 54 141 55 141 56 141 57 141
58 143 1.38 4 54 143 55 143 56 143 57 143
58 144 284.4 4 54 144 55 144 56 144 57 144
59 143 13.57 0
60 140 3.37 5 61 140 62 140 63 140 64 140 65 140
60 147 10.98 5 55 147 56 147 57 147 58 147 59 147
61 143 265. 5 62 143 63 143 64 143 65 143 66 143
61 144 363. 0
61 145 6460 0
61 146 2018. 0
61 147 957. 0
61 148 41.3 0
61 149 2.2 5 56 149 57 149 58 149 59 149 60 149
62 145 340. 0
62 146 1. 0
62 151 3.39e4 5 57 151 58 151 59 151 60 151 61 151
63 145 5.93 4 64 145 65 145 66 145 67 145
63 146 4.51 0
63 147 24.6 5 64 147 65 147 66 147 67 147 68 147
63 148 54.5 0
63 149 93.1 0
63 150 1.31e4 0
63 151 1.1e10 0
63 152 4891. 0
63 154 2993. 0
63 155 1737. 3 60 155 61 155 62 155
63 156 15.2 3 60 156 61 156 62 156
64 146 48.3 4 65 146 66 146 67 146 66 150
64 148 3.39e4 5 65 148 66 148 67 148 68 148 68 152
64 149 9.28 5 65 149 66 149 67 149 68 149 69 149
64 150 6.57e8 7 65 150 66 150 67 150 68 150 69 150 69 154 70 154
64 151 120. 8 65 151 66 151 67 151 68 151 69 151 70 151 70 155 71 155
64 153 242. 0
65 153 2.34 3 66 153 67 153 68 153
65 155 5.32 4 66 155 67 155 68 155 69 155
65 156 5.4 0
65 157 3.61e4 10 66 157 67 157 68 157 69 157 70 157 71 157 72 157 73 157 74 161 75 161
65 158 6.57e4 0
65 160 72.4 0
65 161 6.9 2 63 161 64 161
66 154 1.09e9 8 67 154 68 154 69 154 70 154 71 154 72 154 73 158 74 158
66 159 144. 9 67 159 68 159 69 159 70 159 71 159 72 159 73 159 74 159 75 163
66 166 3.4 0
67 163 1.67e6 9 68 163 69 163 70 163 71 163 72 163 73 163 74 163 75 163 76 167
67 165 1.1e10 0
67 166 4.38e5 0
68 169 9.4 2 66 169 67 169
68 172 2.04 1 67 172
69 167 9.25 7 70 167 71 167 72 167 73 167 74 167 75 167 77 171
69 168 93.1 0
69 169 1.1e10 0
69 170 129. 0
69 171 701. 2 67 171 68 171
69 172 2.65 0
70 166 2.36 4 71 166 72 166 73 166 74 166
70 169 32. 7 71 169 72 169 73 169 74 169 75 169 76 169 78 173
70 175 4.2 1 69 175
71 169 1.42 3 72 169 73 169 74 169
71 170 2.0 6 72 170 73 170 74 170 75 170 76 170 78 174
71 171 8.22 6 72 171 73 171 74 171 75 171 76 171 78 175
71 172 6.7 0
71 173 500. 8 72 173 73 173 74 173 75 173 76 173 77 173 78 173 80 177
71 174 1204. 0
71 174 142. 0
71 177 161. 0
72 172 683. 7 73 172 74 172 75 172 76 172 77 172 78 172 78 176
72 175 70. 5 73 175 74 175 75 175 76 175 77 175
72 178 1.13e4 0
72 179 25.0 0
72 181 42.4 1 71 181
72 182 3.29e9 1 71 182
73 179 665. 6 74 179 75 179 76 179 77 179 78 179 79 179
73 181 1.1e10 0
73 182 115. 2 71 182 72 182
73 183 5.0 2 71 183 72 183
74 178 22.0 4 75 178 76 178 77 178 78 178
74 181 121. 5 75 181 76 181 77 181 78 181 79 181
74 185 75.1 2 72 185 73 185
74 188 69.4 0
75 183 70. 5 76 183 77 183 78 183 79 183 80 183
75 184 165. 0
75 184 38. 0
75 186 7.3e7 0
76 185 94. 5 77 185 78 185 79 185 80 185 81 185
76 194 2190. 0
77 192 74.2 0
77 192 8.8e4 0
77 193 1.1e10 0
77 194 171. 0
78 193 18250. 0
79 195 184. 0
79 197 1.1e10 0
80 194 1.9e5 0
80 203 46.6 0
81 204 1376. 0
82 202 1.94e7 0
82 210 8139. 0
83 208 1.34e8 0
